
 Phase Region for:
     FCC_A1                        
 col-1=X(C), col-2=X(CU), col-3=X(FE), col-4=X(MN), col-5=X(SI), col-6=MU(C),
   col-7=MU(CU), col-8=MU(FE), col-9=MU(MN), col-10=MU(SI),
   3.34414E-02   3.26288E-03   9.13324E-01   1.98638E-03   4.79857E-02 
    1.63405E+04  -1.38632E+04  -2.04128E+04  -6.60757E+04  -1.32068E+05
   3.77292E-02   3.25161E-03   9.09220E-01   1.97951E-03   4.78199E-02 
    1.73451E+04  -1.36058E+04  -2.04775E+04  -6.62851E+04  -1.31592E+05
   4.19875E-02   3.24041E-03   9.05144E-01   1.97269E-03   4.76552E-02 
    1.82765E+04  -1.33560E+04  -2.05438E+04  -6.64959E+04  -1.31117E+05
   4.62165E-02   3.22928E-03   9.01097E-01   1.96592E-03   4.74916E-02 
    1.91494E+04  -1.31136E+04  -2.06117E+04  -6.67081E+04  -1.30644E+05
   5.04165E-02   3.21824E-03   8.97077E-01   1.95920E-03   4.73291E-02 
    1.99747E+04  -1.28788E+04  -2.06812E+04  -6.69219E+04  -1.30173E+05
   5.45880E-02   3.20726E-03   8.93084E-01   1.95252E-03   4.71678E-02 
    2.07603E+04  -1.26517E+04  -2.07524E+04  -6.71371E+04  -1.29704E+05
   5.87311E-02   3.19637E-03   8.89119E-01   1.94589E-03   4.70075E-02 
    2.15124E+04  -1.24322E+04  -2.08252E+04  -6.73538E+04  -1.29237E+05
   6.28461E-02   3.18554E-03   8.85181E-01   1.93930E-03   4.68483E-02 
    2.22360E+04  -1.22204E+04  -2.08997E+04  -6.75720E+04  -1.28772E+05
   6.69334E-02   3.17479E-03   8.81269E-01   1.93275E-03   4.66902E-02 
    2.29348E+04  -1.20164E+04  -2.09758E+04  -6.77917E+04  -1.28309E+05
   7.09931E-02   3.16412E-03   8.77383E-01   1.92625E-03   4.65332E-02 
    2.36122E+04  -1.18203E+04  -2.10536E+04  -6.80129E+04  -1.27847E+05
   7.50257E-02   3.15351E-03   8.73524E-01   1.91979E-03   4.63772E-02 
    2.42707E+04  -1.16319E+04  -2.11331E+04  -6.82357E+04  -1.27388E+05
   7.90313E-02   3.14297E-03   8.69690E-01   1.91338E-03   4.62223E-02 
    2.49124E+04  -1.14515E+04  -2.12142E+04  -6.84599E+04  -1.26931E+05
   8.30102E-02   3.13251E-03   8.65882E-01   1.90701E-03   4.60684E-02 
    2.55393E+04  -1.12791E+04  -2.12971E+04  -6.86858E+04  -1.26475E+05
   8.69627E-02   3.12211E-03   8.62099E-01   1.90068E-03   4.59155E-02 
    2.61529E+04  -1.11146E+04  -2.13817E+04  -6.89131E+04  -1.26022E+05
   9.08891E-02   3.11179E-03   8.58341E-01   1.89439E-03   4.57636E-02 
    2.67546E+04  -1.09582E+04  -2.14680E+04  -6.91420E+04  -1.25570E+05
   9.47896E-02   3.10153E-03   8.54608E-01   1.88815E-03   4.56127E-02 
    2.73454E+04  -1.08100E+04  -2.15561E+04  -6.93725E+04  -1.25121E+05
   9.86644E-02   3.09134E-03   8.50899E-01   1.88194E-03   4.54629E-02 
    2.79264E+04  -1.06699E+04  -2.16459E+04  -6.96045E+04  -1.24673E+05
   1.02514E-01   3.08121E-03   8.47215E-01   1.87578E-03   4.53140E-02 
    2.84986E+04  -1.05380E+04  -2.17374E+04  -6.98382E+04  -1.24228E+05
   1.06338E-01   3.07115E-03   8.43555E-01   1.86966E-03   4.51660E-02 
    2.90626E+04  -1.04143E+04  -2.18307E+04  -7.00734E+04  -1.23785E+05
   1.10138E-01   3.06116E-03   8.39919E-01   1.86357E-03   4.50191E-02 
    2.96191E+04  -1.02990E+04  -2.19258E+04  -7.03102E+04  -1.23343E+05
   1.13912E-01   3.05123E-03   8.36306E-01   1.85753E-03   4.48730E-02 
    3.01689E+04  -1.01921E+04  -2.20227E+04  -7.05487E+04  -1.22904E+05
   1.17663E-01   3.04137E-03   8.32716E-01   1.85152E-03   4.47280E-02 
    3.07123E+04  -1.00935E+04  -2.21214E+04  -7.07887E+04  -1.22467E+05
   1.21389E-01   3.03157E-03   8.29150E-01   1.84556E-03   4.45838E-02 
    3.12500E+04  -1.00035E+04  -2.22219E+04  -7.10304E+04  -1.22032E+05
   1.25091E-01   3.02183E-03   8.25607E-01   1.83963E-03   4.44406E-02 
    3.17823E+04  -9.92193E+03  -2.23243E+04  -7.12737E+04  -1.21600E+05
   1.28770E-01   3.01215E-03   8.22086E-01   1.83374E-03   4.42983E-02 
    3.23098E+04  -9.84897E+03  -2.24284E+04  -7.15187E+04  -1.21169E+05
   1.32425E-01   3.00254E-03   8.18588E-01   1.82789E-03   4.41570E-02 
    3.28326E+04  -9.78465E+03  -2.25344E+04  -7.17654E+04  -1.20741E+05
   1.36057E-01   2.99299E-03   8.15112E-01   1.82207E-03   4.40165E-02 
    3.33512E+04  -9.72901E+03  -2.26423E+04  -7.20137E+04  -1.20315E+05
   1.39666E-01   2.98349E-03   8.11658E-01   1.81629E-03   4.38769E-02 
    3.38659E+04  -9.68211E+03  -2.27521E+04  -7.22637E+04  -1.19891E+05
   1.43252E-01   2.97406E-03   8.08226E-01   1.81055E-03   4.37382E-02 
    3.43769E+04  -9.64401E+03  -2.28637E+04  -7.25154E+04  -1.19469E+05
   1.46815E-01   2.96469E-03   8.04815E-01   1.80485E-03   4.36003E-02 
    3.48845E+04  -9.61476E+03  -2.29772E+04  -7.27687E+04  -1.19050E+05
   1.50356E-01   2.95538E-03   8.01426E-01   1.79918E-03   4.34634E-02 
    3.53889E+04  -9.59442E+03  -2.30927E+04  -7.30238E+04  -1.18632E+05
   1.53875E-01   2.94612E-03   7.98058E-01   1.79354E-03   4.33273E-02 
    3.58904E+04  -9.58304E+03  -2.32100E+04  -7.32806E+04  -1.18218E+05
   1.57372E-01   2.93692E-03   7.94711E-01   1.78794E-03   4.31920E-02 
    3.63891E+04  -9.58068E+03  -2.33293E+04  -7.35392E+04  -1.17805E+05
   1.60847E-01   2.92778E-03   7.91385E-01   1.78238E-03   4.30576E-02 
    3.68853E+04  -9.58740E+03  -2.34506E+04  -7.37995E+04  -1.17395E+05
   1.64300E-01   2.91870E-03   7.88080E-01   1.77685E-03   4.29240E-02 
    3.73791E+04  -9.60325E+03  -2.35738E+04  -7.40615E+04  -1.16987E+05
   1.67732E-01   2.90967E-03   7.84795E-01   1.77135E-03   4.27912E-02 
    3.78706E+04  -9.62829E+03  -2.36990E+04  -7.43253E+04  -1.16581E+05
   1.71143E-01   2.90070E-03   7.81531E-01   1.76589E-03   4.26593E-02 
    3.83601E+04  -9.66258E+03  -2.38261E+04  -7.45909E+04  -1.16178E+05
   1.74533E-01   2.89179E-03   7.78286E-01   1.76046E-03   4.25282E-02 
    3.88477E+04  -9.70618E+03  -2.39553E+04  -7.48583E+04  -1.15778E+05
   1.77903E-01   2.88292E-03   7.75061E-01   1.75507E-03   4.23979E-02 
    3.93334E+04  -9.75915E+03  -2.40865E+04  -7.51274E+04  -1.15379E+05
   1.81251E-01   2.87412E-03   7.71856E-01   1.74971E-03   4.22683E-02 
    3.98175E+04  -9.82154E+03  -2.42197E+04  -7.53984E+04  -1.14983E+05
   1.84580E-01   2.86536E-03   7.68671E-01   1.74438E-03   4.21396E-02 
    4.03000E+04  -9.89342E+03  -2.43549E+04  -7.56712E+04  -1.14590E+05
   1.87888E-01   2.85666E-03   7.65505E-01   1.73908E-03   4.20116E-02 
    4.07810E+04  -9.97484E+03  -2.44922E+04  -7.59459E+04  -1.14199E+05
   1.91176E-01   2.84801E-03   7.62358E-01   1.73381E-03   4.18844E-02 
    4.12607E+04  -1.00659E+04  -2.46316E+04  -7.62223E+04  -1.13811E+05
   1.94444E-01   2.83942E-03   7.59230E-01   1.72858E-03   4.17580E-02 
    4.17391E+04  -1.01666E+04  -2.47730E+04  -7.65007E+04  -1.13425E+05
   1.97692E-01   2.83087E-03   7.56121E-01   1.72338E-03   4.16324E-02 
    4.22164E+04  -1.02770E+04  -2.49166E+04  -7.67809E+04  -1.13042E+05
   2.00921E-01   2.82238E-03   7.53031E-01   1.71821E-03   4.15075E-02 
    4.26926E+04  -1.03972E+04  -2.50622E+04  -7.70630E+04  -1.12661E+05
   2.04131E-01   2.81394E-03   7.49959E-01   1.71307E-03   4.13833E-02 
    4.31678E+04  -1.05273E+04  -2.52100E+04  -7.73469E+04  -1.12283E+05
   2.07322E-01   2.80555E-03   7.46905E-01   1.70796E-03   4.12599E-02 
    4.36421E+04  -1.06673E+04  -2.53600E+04  -7.76328E+04  -1.11907E+05
   2.10493E-01   2.79721E-03   7.43869E-01   1.70288E-03   4.11372E-02 
    4.41155E+04  -1.08173E+04  -2.55120E+04  -7.79206E+04  -1.11535E+05
   2.13646E-01   2.78891E-03   7.40852E-01   1.69784E-03   4.10153E-02 
    4.45882E+04  -1.09773E+04  -2.56663E+04  -7.82104E+04  -1.11164E+05
   2.16780E-01   2.78067E-03   7.37852E-01   1.69282E-03   4.08940E-02 
    4.50602E+04  -1.11474E+04  -2.58227E+04  -7.85021E+04  -1.10797E+05
   2.19896E-01   2.77248E-03   7.34870E-01   1.68783E-03   4.07735E-02 
    4.55316E+04  -1.13277E+04  -2.59814E+04  -7.87957E+04  -1.10432E+05
   2.22993E-01   2.76433E-03   7.31906E-01   1.68287E-03   4.06537E-02 
    4.60024E+04  -1.15182E+04  -2.61423E+04  -7.90913E+04  -1.10070E+05
   2.26072E-01   2.75623E-03   7.28959E-01   1.67794E-03   4.05346E-02 
    4.64727E+04  -1.17191E+04  -2.63054E+04  -7.93889E+04  -1.09710E+05
   2.29134E-01   2.74818E-03   7.26029E-01   1.67304E-03   4.04162E-02 
    4.69425E+04  -1.19303E+04  -2.64707E+04  -7.96885E+04  -1.09354E+05
   2.32177E-01   2.74017E-03   7.23116E-01   1.66816E-03   4.02985E-02 
    4.74120E+04  -1.21519E+04  -2.66383E+04  -7.99902E+04  -1.09000E+05
   2.35203E-01   2.73222E-03   7.20220E-01   1.66332E-03   4.01814E-02 
    4.78811E+04  -1.23841E+04  -2.68082E+04  -8.02938E+04  -1.08649E+05
   2.38211E-01   2.72430E-03   7.17341E-01   1.65850E-03   4.00651E-02 
    4.83499E+04  -1.26268E+04  -2.69804E+04  -8.05995E+04  -1.08301E+05
   2.41202E-01   2.71644E-03   7.14479E-01   1.65371E-03   3.99494E-02 
    4.88185E+04  -1.28802E+04  -2.71549E+04  -8.09072E+04  -1.07955E+05
   2.44175E-01   2.70862E-03   7.11633E-01   1.64895E-03   3.98344E-02 
    4.92869E+04  -1.31443E+04  -2.73318E+04  -8.12171E+04  -1.07613E+05
   2.47132E-01   2.70084E-03   7.08803E-01   1.64422E-03   3.97200E-02 
    4.97551E+04  -1.34191E+04  -2.75110E+04  -8.15290E+04  -1.07273E+05
   2.50071E-01   2.69311E-03   7.05990E-01   1.63951E-03   3.96063E-02 
    5.02232E+04  -1.37048E+04  -2.76926E+04  -8.18430E+04  -1.06937E+05
   2.52994E-01   2.68542E-03   7.03192E-01   1.63483E-03   3.94933E-02 
    5.06913E+04  -1.40015E+04  -2.78765E+04  -8.21591E+04  -1.06603E+05
   2.55900E-01   2.67778E-03   7.00411E-01   1.63018E-03   3.93808E-02 
    5.11594E+04  -1.43091E+04  -2.80629E+04  -8.24774E+04  -1.06273E+05
   2.58790E-01   2.67018E-03   6.97645E-01   1.62555E-03   3.92691E-02 
    5.16275E+04  -1.46278E+04  -2.82517E+04  -8.27978E+04  -1.05945E+05
   2.61663E-01   2.66262E-03   6.94895E-01   1.62095E-03   3.91579E-02 
    5.20956E+04  -1.49576E+04  -2.84429E+04  -8.31204E+04  -1.05620E+05
   2.64520E-01   2.65511E-03   6.92161E-01   1.61638E-03   3.90474E-02 
    5.25639E+04  -1.52987E+04  -2.86366E+04  -8.34451E+04  -1.05299E+05
   2.67361E-01   2.64763E-03   6.89442E-01   1.61183E-03   3.89375E-02 
    5.30323E+04  -1.56510E+04  -2.88328E+04  -8.37721E+04  -1.04980E+05
   2.70186E-01   2.64020E-03   6.86738E-01   1.60730E-03   3.88282E-02 
    5.35008E+04  -1.60147E+04  -2.90315E+04  -8.41013E+04  -1.04665E+05
   2.72996E-01   2.63281E-03   6.84049E-01   1.60280E-03   3.87196E-02 
    5.39696E+04  -1.63898E+04  -2.92327E+04  -8.44327E+04  -1.04353E+05
   2.75789E-01   2.62547E-03   6.81375E-01   1.59833E-03   3.86115E-02 
    5.44387E+04  -1.67764E+04  -2.94364E+04  -8.47664E+04  -1.04044E+05
   2.78567E-01   2.61816E-03   6.78717E-01   1.59388E-03   3.85041E-02 
    5.49080E+04  -1.71746E+04  -2.96427E+04  -8.51023E+04  -1.03738E+05
   2.81330E-01   2.61089E-03   6.76073E-01   1.58946E-03   3.83972E-02 
    5.53777E+04  -1.75845E+04  -2.98516E+04  -8.54406E+04  -1.03435E+05
   2.84077E-01   2.60367E-03   6.73443E-01   1.58506E-03   3.82909E-02 
    5.58477E+04  -1.80061E+04  -3.00631E+04  -8.57811E+04  -1.03136E+05
   2.86809E-01   2.59648E-03   6.70828E-01   1.58069E-03   3.81853E-02 
    5.63181E+04  -1.84395E+04  -3.02773E+04  -8.61240E+04  -1.02840E+05
   2.89526E-01   2.58933E-03   6.68228E-01   1.57634E-03   3.80802E-02 
    5.67889E+04  -1.88849E+04  -3.04940E+04  -8.64692E+04  -1.02547E+05
   2.92229E-01   2.58223E-03   6.65642E-01   1.57201E-03   3.79756E-02 
    5.72602E+04  -1.93422E+04  -3.07135E+04  -8.68167E+04  -1.02258E+05
   2.94916E-01   2.57516E-03   6.63069E-01   1.56771E-03   3.78717E-02 
    5.77319E+04  -1.98116E+04  -3.09356E+04  -8.71667E+04  -1.01972E+05
   2.97589E-01   2.56813E-03   6.60511E-01   1.56343E-03   3.77683E-02 
    5.82042E+04  -2.02931E+04  -3.11605E+04  -8.75191E+04  -1.01690E+05
   3.00247E-01   2.56114E-03   6.57967E-01   1.55917E-03   3.76655E-02 
    5.86770E+04  -2.07868E+04  -3.13881E+04  -8.78739E+04  -1.01410E+05
   3.02891E-01   2.55418E-03   6.55437E-01   1.55494E-03   3.75632E-02 
    5.91504E+04  -2.12929E+04  -3.16185E+04  -8.82311E+04  -1.01135E+05
   3.05520E-01   2.54727E-03   6.52920E-01   1.55073E-03   3.74615E-02 
    5.96244E+04  -2.18113E+04  -3.18516E+04  -8.85909E+04  -1.00863E+05
   3.08135E-01   2.54039E-03   6.50417E-01   1.54654E-03   3.73604E-02 
    6.00991E+04  -2.23423E+04  -3.20876E+04  -8.89531E+04  -1.00594E+05
   3.10736E-01   2.53355E-03   6.47928E-01   1.54237E-03   3.72597E-02 
    6.05744E+04  -2.28858E+04  -3.23264E+04  -8.93178E+04  -1.00329E+05
   3.13324E-01   2.52674E-03   6.45452E-01   1.53823E-03   3.71597E-02 
    6.10505E+04  -2.34419E+04  -3.25681E+04  -8.96851E+04  -1.00068E+05
   3.15897E-01   2.51998E-03   6.42989E-01   1.53411E-03   3.70601E-02 
    6.15273E+04  -2.40108E+04  -3.28127E+04  -9.00549E+04  -9.98100E+04
   3.18456E-01   2.51324E-03   6.40539E-01   1.53001E-03   3.69611E-02 
    6.20048E+04  -2.45925E+04  -3.30602E+04  -9.04273E+04  -9.95560E+04
   3.21002E-01   2.50655E-03   6.38103E-01   1.52594E-03   3.68626E-02 
    6.24831E+04  -2.51871E+04  -3.33106E+04  -9.08023E+04  -9.93056E+04
   3.23535E-01   2.49989E-03   6.35679E-01   1.52188E-03   3.67647E-02 
    6.29623E+04  -2.57947E+04  -3.35641E+04  -9.11800E+04  -9.90591E+04
   3.26054E-01   2.49326E-03   6.33268E-01   1.51785E-03   3.66673E-02 
    6.34424E+04  -2.64154E+04  -3.38205E+04  -9.15604E+04  -9.88163E+04
   3.28559E-01   2.48667E-03   6.30870E-01   1.51384E-03   3.65703E-02 
    6.39233E+04  -2.70493E+04  -3.40800E+04  -9.19434E+04  -9.85773E+04
   3.31052E-01   2.48012E-03   6.28484E-01   1.50985E-03   3.64739E-02 
    6.44051E+04  -2.76965E+04  -3.43425E+04  -9.23291E+04  -9.83423E+04
   3.33531E-01   2.47359E-03   6.26111E-01   1.50588E-03   3.63780E-02 
    6.48879E+04  -2.83571E+04  -3.46081E+04  -9.27176E+04  -9.81111E+04
   3.34597E-01   2.47079E-03   6.25091E-01   1.50417E-03   3.63368E-02 
    6.50967E+04  -2.86465E+04  -3.47238E+04  -9.28861E+04  -9.80125E+04

 Phase Region for:
     FCC_A1                        
 col-1=X(C), col-2=X(CU), col-3=X(FE), col-4=X(MN), col-5=X(SI), col-6=MU(C),
   col-7=MU(CU), col-8=MU(FE), col-9=MU(MN), col-10=MU(SI),
   3.34414E-02   3.26288E-03   9.13324E-01   1.98638E-03   4.79857E-02 
    1.63405E+04  -1.38632E+04  -2.04128E+04  -6.60757E+04  -1.32068E+05
   2.91238E-02   3.27424E-03   9.17456E-01   1.99329E-03   4.81527E-02 
    1.52418E+04  -1.41280E+04  -2.03497E+04  -6.58678E+04  -1.32546E+05
   2.47760E-02   3.28567E-03   9.21617E-01   2.00025E-03   4.83209E-02 
    1.40175E+04  -1.44002E+04  -2.02881E+04  -6.56613E+04  -1.33026E+05
   2.03978E-02   3.29719E-03   9.25808E-01   2.00726E-03   4.84903E-02 
    1.26173E+04  -1.46797E+04  -2.02282E+04  -6.54563E+04  -1.33508E+05
   1.59887E-02   3.30879E-03   9.30027E-01   2.01432E-03   4.86608E-02 
    1.09532E+04  -1.49665E+04  -2.01698E+04  -6.52527E+04  -1.33991E+05
   1.15485E-02   3.32047E-03   9.34277E-01   2.02143E-03   4.88326E-02 
    8.84918E+03  -1.52606E+04  -2.01129E+04  -6.50504E+04  -1.34477E+05
   7.07688E-03   3.33223E-03   9.38557E-01   2.02859E-03   4.90055E-02 
    5.86006E+03  -1.55619E+04  -2.00576E+04  -6.48497E+04  -1.34964E+05
   2.57346E-03   3.34407E-03   9.42867E-01   2.03580E-03   4.91797E-02 
    5.99114E+01  -1.58704E+04  -2.00039E+04  -6.46502E+04  -1.35452E+05
   4.53775E-08   3.35084E-03   9.45330E-01   2.03993E-03   4.92793E-02 
   -5.91122E+04  -1.60488E+04  -1.99740E+04  -6.45376E+04  -1.35731E+05
