
 Phase Region for:
     BCC_A2                        
 col-1=X(C), col-2=X(CU), col-3=X(FE), col-4=X(MN), col-5=X(SI), col-6=MU(C),
   col-7=MU(CU), col-8=MU(FE), col-9=MU(MN), col-10=MU(SI),
   3.34414E-02   3.26288E-03   9.13324E-01   1.98638E-03   4.79857E-02 
    5.88250E+04  -6.09716E+03  -2.28734E+04  -5.20244E+04  -1.33670E+05
   3.38716E-02   3.26175E-03   9.12912E-01   1.98569E-03   4.79691E-02 
    5.89096E+04  -6.10264E+03  -2.28792E+04  -5.20560E+04  -1.33618E+05
   3.43014E-02   3.26062E-03   9.12501E-01   1.98500E-03   4.79525E-02 
    5.89932E+04  -6.10814E+03  -2.28850E+04  -5.20875E+04  -1.33565E+05
   3.47309E-02   3.25949E-03   9.12089E-01   1.98431E-03   4.79359E-02 
    5.90759E+04  -6.11365E+03  -2.28908E+04  -5.21191E+04  -1.33512E+05
   3.51601E-02   3.25836E-03   9.11679E-01   1.98363E-03   4.79192E-02 
    5.91578E+04  -6.11918E+03  -2.28966E+04  -5.21506E+04  -1.33460E+05
   3.55890E-02   3.25723E-03   9.11268E-01   1.98294E-03   4.79027E-02 
    5.92388E+04  -6.12473E+03  -2.29025E+04  -5.21822E+04  -1.33407E+05
   3.60177E-02   3.25611E-03   9.10858E-01   1.98225E-03   4.78861E-02 
    5.93190E+04  -6.13030E+03  -2.29083E+04  -5.22138E+04  -1.33354E+05
   3.64460E-02   3.25498E-03   9.10448E-01   1.98157E-03   4.78695E-02 
    5.93984E+04  -6.13589E+03  -2.29141E+04  -5.22455E+04  -1.33302E+05
   3.68740E-02   3.25385E-03   9.10038E-01   1.98088E-03   4.78530E-02 
    5.94770E+04  -6.14149E+03  -2.29200E+04  -5.22771E+04  -1.33249E+05
   3.73018E-02   3.25273E-03   9.09629E-01   1.98020E-03   4.78364E-02 
    5.95549E+04  -6.14712E+03  -2.29258E+04  -5.23088E+04  -1.33196E+05
   3.77292E-02   3.25161E-03   9.09220E-01   1.97951E-03   4.78199E-02 
    5.96320E+04  -6.15276E+03  -2.29317E+04  -5.23405E+04  -1.33144E+05
   3.81564E-02   3.25048E-03   9.08811E-01   1.97883E-03   4.78034E-02 
    5.97083E+04  -6.15842E+03  -2.29376E+04  -5.23721E+04  -1.33091E+05
   3.85832E-02   3.24936E-03   9.08402E-01   1.97815E-03   4.77868E-02 
    5.97840E+04  -6.16410E+03  -2.29434E+04  -5.24039E+04  -1.33038E+05
   3.90098E-02   3.24824E-03   9.07994E-01   1.97746E-03   4.77703E-02 
    5.98589E+04  -6.16979E+03  -2.29493E+04  -5.24356E+04  -1.32986E+05
   3.94360E-02   3.24712E-03   9.07586E-01   1.97678E-03   4.77539E-02 
    5.99332E+04  -6.17551E+03  -2.29552E+04  -5.24673E+04  -1.32933E+05
   3.98620E-02   3.24600E-03   9.07179E-01   1.97610E-03   4.77374E-02 
    6.00068E+04  -6.18124E+03  -2.29611E+04  -5.24991E+04  -1.32880E+05
   4.02877E-02   3.24488E-03   9.06771E-01   1.97542E-03   4.77209E-02 
    6.00797E+04  -6.18699E+03  -2.29670E+04  -5.25309E+04  -1.32827E+05
   4.07131E-02   3.24376E-03   9.06364E-01   1.97474E-03   4.77045E-02 
    6.01521E+04  -6.19276E+03  -2.29729E+04  -5.25627E+04  -1.32775E+05
   4.11382E-02   3.24264E-03   9.05957E-01   1.97405E-03   4.76880E-02 
    6.02237E+04  -6.19855E+03  -2.29789E+04  -5.25945E+04  -1.32722E+05
   4.15630E-02   3.24152E-03   9.05551E-01   1.97337E-03   4.76716E-02 
    6.02948E+04  -6.20435E+03  -2.29848E+04  -5.26264E+04  -1.32669E+05
   4.19875E-02   3.24041E-03   9.05144E-01   1.97269E-03   4.76552E-02 
    6.03653E+04  -6.21018E+03  -2.29907E+04  -5.26582E+04  -1.32617E+05
   4.24117E-02   3.23929E-03   9.04738E-01   1.97202E-03   4.76388E-02 
    6.04352E+04  -6.21602E+03  -2.29967E+04  -5.26901E+04  -1.32564E+05
   4.28356E-02   3.23817E-03   9.04333E-01   1.97134E-03   4.76224E-02 
    6.05045E+04  -6.22188E+03  -2.30026E+04  -5.27220E+04  -1.32511E+05
   4.32592E-02   3.23706E-03   9.03927E-01   1.97066E-03   4.76060E-02 
    6.05732E+04  -6.22776E+03  -2.30086E+04  -5.27539E+04  -1.32459E+05
   4.36826E-02   3.23595E-03   9.03522E-01   1.96998E-03   4.75896E-02 
    6.06414E+04  -6.23366E+03  -2.30145E+04  -5.27858E+04  -1.32406E+05
   4.38168E-02   3.23559E-03   9.03393E-01   1.96977E-03   4.75844E-02 
    6.06630E+04  -6.23554E+03  -2.30164E+04  -5.27960E+04  -1.32389E+05

 Phase Region for:
     BCC_A2                        
 col-1=X(C), col-2=X(CU), col-3=X(FE), col-4=X(MN), col-5=X(SI), col-6=MU(C),
   col-7=MU(CU), col-8=MU(FE), col-9=MU(MN), col-10=MU(SI),
   3.34414E-02   3.26288E-03   9.13324E-01   1.98638E-03   4.79857E-02 
    5.88250E+04  -6.09716E+03  -2.28734E+04  -5.20244E+04  -1.33670E+05
   3.30110E-02   3.26402E-03   9.13736E-01   1.98707E-03   4.80024E-02 
    5.87396E+04  -6.09170E+03  -2.28676E+04  -5.19929E+04  -1.33723E+05
   3.25803E-02   3.26515E-03   9.14148E-01   1.98776E-03   4.80190E-02 
    5.86531E+04  -6.08626E+03  -2.28618E+04  -5.19614E+04  -1.33776E+05
   3.21493E-02   3.26628E-03   9.14560E-01   1.98845E-03   4.80357E-02 
    5.85657E+04  -6.08084E+03  -2.28561E+04  -5.19300E+04  -1.33828E+05
   3.17180E-02   3.26742E-03   9.14973E-01   1.98914E-03   4.80524E-02 
    5.84772E+04  -6.07543E+03  -2.28503E+04  -5.18985E+04  -1.33881E+05
   3.12864E-02   3.26855E-03   9.15386E-01   1.98983E-03   4.80691E-02 
    5.83877E+04  -6.07004E+03  -2.28445E+04  -5.18671E+04  -1.33934E+05
   3.08545E-02   3.26969E-03   9.15800E-01   1.99052E-03   4.80858E-02 
    5.82972E+04  -6.06467E+03  -2.28388E+04  -5.18357E+04  -1.33986E+05
   3.04222E-02   3.27082E-03   9.16213E-01   1.99121E-03   4.81025E-02 
    5.82055E+04  -6.05932E+03  -2.28331E+04  -5.18043E+04  -1.34039E+05
   2.99897E-02   3.27196E-03   9.16627E-01   1.99191E-03   4.81192E-02 
    5.81127E+04  -6.05399E+03  -2.28273E+04  -5.17729E+04  -1.34092E+05
   2.95569E-02   3.27310E-03   9.17041E-01   1.99260E-03   4.81360E-02 
    5.80187E+04  -6.04867E+03  -2.28216E+04  -5.17415E+04  -1.34144E+05
   2.91238E-02   3.27424E-03   9.17456E-01   1.99329E-03   4.81527E-02 
    5.79235E+04  -6.04338E+03  -2.28159E+04  -5.17102E+04  -1.34197E+05
   2.86904E-02   3.27538E-03   9.17871E-01   1.99399E-03   4.81695E-02 
    5.78270E+04  -6.03810E+03  -2.28102E+04  -5.16788E+04  -1.34249E+05
   2.82567E-02   3.27652E-03   9.18286E-01   1.99468E-03   4.81863E-02 
    5.77293E+04  -6.03284E+03  -2.28044E+04  -5.16475E+04  -1.34302E+05
   2.78227E-02   3.27766E-03   9.18701E-01   1.99538E-03   4.82031E-02 
    5.76302E+04  -6.02759E+03  -2.27987E+04  -5.16162E+04  -1.34355E+05
   2.73883E-02   3.27880E-03   9.19117E-01   1.99607E-03   4.82199E-02 
    5.75298E+04  -6.02237E+03  -2.27931E+04  -5.15849E+04  -1.34407E+05
   2.69537E-02   3.27995E-03   9.19533E-01   1.99677E-03   4.82367E-02 
    5.74280E+04  -6.01716E+03  -2.27874E+04  -5.15537E+04  -1.34460E+05
   2.65188E-02   3.28109E-03   9.19949E-01   1.99746E-03   4.82535E-02 
    5.73247E+04  -6.01197E+03  -2.27817E+04  -5.15224E+04  -1.34513E+05
   2.60835E-02   3.28224E-03   9.20366E-01   1.99816E-03   4.82703E-02 
    5.72199E+04  -6.00680E+03  -2.27760E+04  -5.14912E+04  -1.34565E+05
   2.56480E-02   3.28338E-03   9.20783E-01   1.99886E-03   4.82872E-02 
    5.71135E+04  -6.00165E+03  -2.27704E+04  -5.14600E+04  -1.34618E+05
   2.52122E-02   3.28453E-03   9.21200E-01   1.99956E-03   4.83040E-02 
    5.70055E+04  -5.99651E+03  -2.27647E+04  -5.14288E+04  -1.34670E+05
   2.47760E-02   3.28567E-03   9.21617E-01   2.00025E-03   4.83209E-02 
    5.68958E+04  -5.99140E+03  -2.27591E+04  -5.13976E+04  -1.34723E+05
   2.43396E-02   3.28682E-03   9.22035E-01   2.00095E-03   4.83378E-02 
    5.67844E+04  -5.98630E+03  -2.27534E+04  -5.13665E+04  -1.34776E+05
   2.39028E-02   3.28797E-03   9.22453E-01   2.00165E-03   4.83547E-02 
    5.66712E+04  -5.98122E+03  -2.27478E+04  -5.13353E+04  -1.34828E+05
   2.34658E-02   3.28912E-03   9.22871E-01   2.00235E-03   4.83716E-02 
    5.65562E+04  -5.97615E+03  -2.27422E+04  -5.13042E+04  -1.34881E+05
   2.30284E-02   3.29027E-03   9.23290E-01   2.00305E-03   4.83885E-02 
    5.64392E+04  -5.97111E+03  -2.27365E+04  -5.12731E+04  -1.34933E+05
   2.25907E-02   3.29142E-03   9.23709E-01   2.00375E-03   4.84054E-02 
    5.63201E+04  -5.96608E+03  -2.27309E+04  -5.12420E+04  -1.34986E+05
   2.21527E-02   3.29257E-03   9.24128E-01   2.00445E-03   4.84224E-02 
    5.61990E+04  -5.96107E+03  -2.27253E+04  -5.12109E+04  -1.35039E+05
   2.17145E-02   3.29373E-03   9.24547E-01   2.00516E-03   4.84393E-02 
    5.60757E+04  -5.95608E+03  -2.27197E+04  -5.11799E+04  -1.35091E+05
   2.12759E-02   3.29488E-03   9.24967E-01   2.00586E-03   4.84563E-02 
    5.59502E+04  -5.95110E+03  -2.27141E+04  -5.11488E+04  -1.35144E+05
   2.08370E-02   3.29604E-03   9.25387E-01   2.00656E-03   4.84733E-02 
    5.58222E+04  -5.94615E+03  -2.27086E+04  -5.11178E+04  -1.35196E+05
   2.03978E-02   3.29719E-03   9.25808E-01   2.00726E-03   4.84903E-02 
    5.56918E+04  -5.94121E+03  -2.27030E+04  -5.10868E+04  -1.35249E+05
   1.99582E-02   3.29835E-03   9.26228E-01   2.00797E-03   4.85073E-02 
    5.55588E+04  -5.93629E+03  -2.26974E+04  -5.10558E+04  -1.35302E+05
   1.95184E-02   3.29950E-03   9.26649E-01   2.00867E-03   4.85243E-02 
    5.54231E+04  -5.93139E+03  -2.26919E+04  -5.10249E+04  -1.35354E+05
   1.90783E-02   3.30066E-03   9.27070E-01   2.00938E-03   4.85413E-02 
    5.52846E+04  -5.92650E+03  -2.26863E+04  -5.09939E+04  -1.35407E+05
   1.86379E-02   3.30182E-03   9.27492E-01   2.01008E-03   4.85583E-02 
    5.51432E+04  -5.92163E+03  -2.26808E+04  -5.09630E+04  -1.35459E+05
   1.81971E-02   3.30298E-03   9.27914E-01   2.01079E-03   4.85754E-02 
    5.49986E+04  -5.91679E+03  -2.26752E+04  -5.09321E+04  -1.35512E+05
   1.77560E-02   3.30414E-03   9.28336E-01   2.01149E-03   4.85925E-02 
    5.48508E+04  -5.91195E+03  -2.26697E+04  -5.09012E+04  -1.35564E+05
   1.73147E-02   3.30530E-03   9.28758E-01   2.01220E-03   4.86095E-02 
    5.46996E+04  -5.90714E+03  -2.26642E+04  -5.08703E+04  -1.35617E+05
   1.68730E-02   3.30646E-03   9.29181E-01   2.01291E-03   4.86266E-02 
    5.45447E+04  -5.90234E+03  -2.26587E+04  -5.08394E+04  -1.35670E+05
   1.64310E-02   3.30762E-03   9.29604E-01   2.01362E-03   4.86437E-02 
    5.43861E+04  -5.89757E+03  -2.26531E+04  -5.08086E+04  -1.35722E+05
   1.59887E-02   3.30879E-03   9.30027E-01   2.01432E-03   4.86608E-02 
    5.42235E+04  -5.89280E+03  -2.26476E+04  -5.07777E+04  -1.35775E+05
   1.55461E-02   3.30995E-03   9.30451E-01   2.01503E-03   4.86779E-02 
    5.40566E+04  -5.88806E+03  -2.26422E+04  -5.07469E+04  -1.35827E+05
   1.51032E-02   3.31112E-03   9.30875E-01   2.01574E-03   4.86951E-02 
    5.38853E+04  -5.88334E+03  -2.26367E+04  -5.07161E+04  -1.35880E+05
   1.46599E-02   3.31228E-03   9.31299E-01   2.01645E-03   4.87122E-02 
    5.37092E+04  -5.87863E+03  -2.26312E+04  -5.06853E+04  -1.35932E+05
   1.42164E-02   3.31345E-03   9.31724E-01   2.01716E-03   4.87294E-02 
    5.35281E+04  -5.87394E+03  -2.26257E+04  -5.06546E+04  -1.35985E+05
   1.37725E-02   3.31462E-03   9.32148E-01   2.01787E-03   4.87465E-02 
    5.33416E+04  -5.86927E+03  -2.26202E+04  -5.06238E+04  -1.36038E+05
   1.33284E-02   3.31578E-03   9.32574E-01   2.01858E-03   4.87637E-02 
    5.31494E+04  -5.86461E+03  -2.26148E+04  -5.05931E+04  -1.36090E+05
   1.28839E-02   3.31695E-03   9.32999E-01   2.01930E-03   4.87809E-02 
    5.29510E+04  -5.85998E+03  -2.26093E+04  -5.05624E+04  -1.36143E+05
   1.24391E-02   3.31812E-03   9.33425E-01   2.02001E-03   4.87981E-02 
    5.27462E+04  -5.85536E+03  -2.26039E+04  -5.05317E+04  -1.36195E+05
   1.19940E-02   3.31929E-03   9.33851E-01   2.02072E-03   4.88153E-02 
    5.25342E+04  -5.85076E+03  -2.25985E+04  -5.05010E+04  -1.36248E+05
   1.15485E-02   3.32047E-03   9.34277E-01   2.02143E-03   4.88326E-02 
    5.23148E+04  -5.84617E+03  -2.25930E+04  -5.04704E+04  -1.36300E+05
   1.11028E-02   3.32164E-03   9.34704E-01   2.02215E-03   4.88498E-02 
    5.20871E+04  -5.84161E+03  -2.25876E+04  -5.04397E+04  -1.36353E+05
   1.06567E-02   3.32281E-03   9.35131E-01   2.02286E-03   4.88671E-02 
    5.18506E+04  -5.83706E+03  -2.25822E+04  -5.04091E+04  -1.36405E+05
   1.02103E-02   3.32399E-03   9.35558E-01   2.02358E-03   4.88843E-02 
    5.16045E+04  -5.83253E+03  -2.25768E+04  -5.03785E+04  -1.36458E+05
   9.76366E-03   3.32516E-03   9.35985E-01   2.02429E-03   4.89016E-02 
    5.13479E+04  -5.82801E+03  -2.25714E+04  -5.03479E+04  -1.36510E+05
   9.31666E-03   3.32634E-03   9.36413E-01   2.02501E-03   4.89189E-02 
    5.10798E+04  -5.82352E+03  -2.25660E+04  -5.03173E+04  -1.36563E+05
   8.86934E-03   3.32751E-03   9.36841E-01   2.02572E-03   4.89362E-02 
    5.07991E+04  -5.81904E+03  -2.25606E+04  -5.02868E+04  -1.36615E+05
   8.42170E-03   3.32869E-03   9.37270E-01   2.02644E-03   4.89535E-02 
    5.05045E+04  -5.81458E+03  -2.25552E+04  -5.02562E+04  -1.36668E+05
   7.97374E-03   3.32987E-03   9.37698E-01   2.02716E-03   4.89708E-02 
    5.01945E+04  -5.81013E+03  -2.25499E+04  -5.02257E+04  -1.36720E+05
   7.52547E-03   3.33105E-03   9.38127E-01   2.02788E-03   4.89882E-02 
    4.98672E+04  -5.80571E+03  -2.25445E+04  -5.01952E+04  -1.36773E+05
   7.07688E-03   3.33223E-03   9.38557E-01   2.02859E-03   4.90055E-02 
    4.95205E+04  -5.80130E+03  -2.25391E+04  -5.01647E+04  -1.36825E+05
   6.62798E-03   3.33341E-03   9.38986E-01   2.02931E-03   4.90229E-02 
    4.91518E+04  -5.79691E+03  -2.25338E+04  -5.01342E+04  -1.36878E+05
   6.17875E-03   3.33459E-03   9.39416E-01   2.03003E-03   4.90403E-02 
    4.87581E+04  -5.79254E+03  -2.25284E+04  -5.01038E+04  -1.36931E+05
   5.72921E-03   3.33577E-03   9.39847E-01   2.03075E-03   4.90577E-02 
    4.83356E+04  -5.78818E+03  -2.25231E+04  -5.00733E+04  -1.36983E+05
   5.27935E-03   3.33695E-03   9.40277E-01   2.03147E-03   4.90751E-02 
    4.78794E+04  -5.78384E+03  -2.25178E+04  -5.00429E+04  -1.37036E+05
   4.82917E-03   3.33814E-03   9.40708E-01   2.03219E-03   4.90925E-02 
    4.73836E+04  -5.77952E+03  -2.25125E+04  -5.00125E+04  -1.37088E+05
   4.37866E-03   3.33932E-03   9.41139E-01   2.03291E-03   4.91099E-02 
    4.68405E+04  -5.77522E+03  -2.25071E+04  -4.99821E+04  -1.37141E+05
   3.92784E-03   3.34051E-03   9.41571E-01   2.03364E-03   4.91273E-02 
    4.62395E+04  -5.77093E+03  -2.25018E+04  -4.99517E+04  -1.37193E+05
   3.47670E-03   3.34170E-03   9.42002E-01   2.03436E-03   4.91448E-02 
    4.55666E+04  -5.76667E+03  -2.24965E+04  -4.99214E+04  -1.37246E+05
   3.02524E-03   3.34288E-03   9.42435E-01   2.03508E-03   4.91623E-02 
    4.48017E+04  -5.76242E+03  -2.24912E+04  -4.98910E+04  -1.37298E+05
   2.57346E-03   3.34407E-03   9.42867E-01   2.03580E-03   4.91797E-02 
    4.39147E+04  -5.75818E+03  -2.24860E+04  -4.98607E+04  -1.37350E+05
   2.12135E-03   3.34526E-03   9.43300E-01   2.03653E-03   4.91972E-02 
    4.28582E+04  -5.75397E+03  -2.24807E+04  -4.98304E+04  -1.37403E+05
   1.66893E-03   3.34645E-03   9.43733E-01   2.03725E-03   4.92147E-02 
    4.15503E+04  -5.74977E+03  -2.24754E+04  -4.98001E+04  -1.37455E+05
   1.21618E-03   3.34764E-03   9.44166E-01   2.03798E-03   4.92322E-02 
    3.98297E+04  -5.74559E+03  -2.24701E+04  -4.97698E+04  -1.37508E+05
   7.63110E-04   3.34883E-03   9.44600E-01   2.03870E-03   4.92498E-02 
    3.73031E+04  -5.74142E+03  -2.24649E+04  -4.97396E+04  -1.37560E+05
   3.09717E-04   3.35003E-03   9.45034E-01   2.03943E-03   4.92673E-02 
    3.24291E+04  -5.73728E+03  -2.24596E+04  -4.97094E+04  -1.37613E+05
   4.53775E-09   3.35084E-03   9.45330E-01   2.03993E-03   4.92793E-02 
   -2.75530E+04  -5.73446E+03  -2.24560E+04  -4.96887E+04  -1.37649E+05
