-9.400000e-02 2.323780e-04 0
-8.905263e-02 2.319271e-04 0
-8.410526e-02 2.305744e-04 0
-7.915789e-02 2.283281e-04 0
-7.421053e-02 2.252020e-04 0
-6.926316e-02 2.212152e-04 0
-6.431579e-02 2.163921e-04 0
-5.936842e-02 2.107621e-04 0
-5.442105e-02 2.043595e-04 0
-4.947368e-02 1.972234e-04 0
-4.452632e-02 1.893972e-04 0
-3.957895e-02 1.809285e-04 0
-3.463158e-02 1.718687e-04 0
-2.968421e-02 1.622727e-04 0
-2.473684e-02 1.521986e-04 0
-1.978947e-02 1.417070e-04 0
-1.484211e-02 1.308613e-04 0
-9.894737e-03 1.197265e-04 0
-4.947368e-03 1.083692e-04 0
0.000000e+00 9.685727e-05 0
0.000000e+00 9.763645e-02 1
1.315789e-03 9.718838e-02 1
2.631579e-03 9.650575e-02 1
3.947368e-03 9.557570e-02 1
5.263158e-03 9.437749e-02 1
6.578947e-03 9.288071e-02 1
7.894737e-03 9.104227e-02 1
9.210526e-03 8.880177e-02 1
1.052632e-02 8.607392e-02 1
1.184211e-02 8.273605e-02 1
1.315789e-02 7.860685e-02 1
1.447368e-02 7.340896e-02 1
1.578947e-02 6.670208e-02 1
1.710526e-02 5.777167e-02 1
1.842105e-02 4.554992e-02 1
1.973684e-02 2.965322e-02 1
2.105263e-02 1.833790e-02 1
2.236842e-02 1.503056e-02 1
2.368421e-02 1.439515e-02 1
2.500000e-02 1.418335e-02 1
