-9.400000e-02 1.430408e-02 0
-8.905263e-02 1.430408e-02 0
-8.410526e-02 1.430408e-02 0
-7.915789e-02 1.430408e-02 0
-7.421053e-02 1.430408e-02 0
-6.926316e-02 1.430408e-02 0
-6.431579e-02 1.430408e-02 0
-5.936842e-02 1.430408e-02 0
-5.442105e-02 1.430408e-02 0
-4.947368e-02 1.430408e-02 0
-4.452632e-02 1.430406e-02 0
-3.957895e-02 1.430400e-02 0
-3.463158e-02 1.430358e-02 0
-2.968421e-02 1.430113e-02 0
-2.473684e-02 1.428760e-02 0
-1.978947e-02 1.421852e-02 0
-1.484211e-02 1.390182e-02 0
-9.894737e-03 1.265090e-02 0
-4.947368e-03 8.700334e-03 0
0.000000e+00 1.522498e-04 0
0.000000e+00 1.156317e-01 1
1.315789e-03 1.628362e-02 1
2.631579e-03 1.430597e-02 1
3.947368e-03 1.430408e-02 1
5.263158e-03 1.430408e-02 1
6.578947e-03 1.430408e-02 1
7.894737e-03 1.430408e-02 1
9.210526e-03 1.430408e-02 1
1.052632e-02 1.430408e-02 1
1.184211e-02 1.430408e-02 1
1.315789e-02 1.430408e-02 1
1.447368e-02 1.430408e-02 1
1.578947e-02 1.430408e-02 1
1.710526e-02 1.430408e-02 1
1.842105e-02 1.430408e-02 1
1.973684e-02 1.430408e-02 1
2.105263e-02 1.430408e-02 1
2.236842e-02 1.430408e-02 1
2.368421e-02 1.430408e-02 1
2.500000e-02 1.430408e-02 1
