-9.400000e-02 1.409795e-02 0
-8.905263e-02 1.408116e-02 0
-8.410526e-02 1.403078e-02 0
-7.915789e-02 1.394279e-02 0
-7.421053e-02 1.381060e-02 0
-6.926316e-02 1.362521e-02 0
-6.431579e-02 1.337553e-02 0
-5.936842e-02 1.304885e-02 0
-5.442105e-02 1.263150e-02 0
-4.947368e-02 1.210972e-02 0
-4.452632e-02 1.147070e-02 0
-3.957895e-02 1.070381e-02 0
-3.463158e-02 9.801825e-03 0
-2.968421e-02 8.762121e-03 0
-2.473684e-02 7.587653e-03 0
-1.978947e-02 6.287580e-03 0
-1.484211e-02 4.877409e-03 0
-9.894737e-03 3.378573e-03 0
-4.947368e-03 1.817426e-03 0
0.000000e+00 2.237221e-04 0
0.000000e+00 1.317839e-01 1
1.315789e-03 1.221303e-01 1
2.631579e-03 1.048795e-01 1
3.947368e-03 5.413614e-02 1
5.263158e-03 1.540235e-02 1
6.578947e-03 1.431647e-02 1
7.894737e-03 1.430420e-02 1
9.210526e-03 1.430408e-02 1
1.052632e-02 1.430408e-02 1
1.184211e-02 1.430408e-02 1
1.315789e-02 1.430408e-02 1
1.447368e-02 1.430408e-02 1
1.578947e-02 1.430408e-02 1
1.710526e-02 1.430408e-02 1
1.842105e-02 1.430408e-02 1
1.973684e-02 1.430408e-02 1
2.105263e-02 1.430408e-02 1
2.236842e-02 1.430408e-02 1
2.368421e-02 1.430408e-02 1
2.500000e-02 1.430408e-02 1
