-9.400000e-02 3.513779e-03 0
-8.905263e-02 3.502481e-03 0
-8.410526e-02 3.468585e-03 0
-7.915789e-02 3.412322e-03 0
-7.421053e-02 3.334069e-03 0
-6.926316e-02 3.234355e-03 0
-6.431579e-02 3.113851e-03 0
-5.936842e-02 2.973369e-03 0
-5.442105e-02 2.813857e-03 0
-4.947368e-02 2.636388e-03 0
-4.452632e-02 2.442158e-03 0
-3.957895e-02 2.232477e-03 0
-3.463158e-02 2.008756e-03 0
-2.968421e-02 1.772502e-03 0
-2.473684e-02 1.525309e-03 0
-1.978947e-02 1.268841e-03 0
-1.484211e-02 1.004827e-03 0
-9.894737e-03 7.350478e-04 0
-4.947368e-03 4.613208e-04 0
0.000000e+00 1.854910e-04 0
0.000000e+00 1.238299e-01 1
1.315789e-03 1.216185e-01 1
2.631579e-03 1.190264e-01 1
3.947368e-03 1.159480e-01 1
5.263158e-03 1.122270e-01 1
6.578947e-03 1.076188e-01 1
7.894737e-03 1.017146e-01 1
9.210526e-03 9.376380e-02 1
1.052632e-02 8.220178e-02 1
1.184211e-02 6.319200e-02 1
1.315789e-02 2.720399e-02 1
1.447368e-02 1.524809e-02 1
1.578947e-02 1.435610e-02 1
1.710526e-02 1.430672e-02 1
1.842105e-02 1.430420e-02 1
1.973684e-02 1.430408e-02 1
2.105263e-02 1.430408e-02 1
2.236842e-02 1.430408e-02 1
2.368421e-02 1.430408e-02 1
2.500000e-02 1.430408e-02 1
