-9.400000e-02 1.094463e-02 0
-8.905263e-02 1.090979e-02 0
-8.410526e-02 1.080529e-02 0
-7.915789e-02 1.063154e-02 0
-7.421053e-02 1.038922e-02 0
-6.926316e-02 1.007934e-02 0
-6.431579e-02 9.703256e-03 0
-5.936842e-02 9.262707e-03 0
-5.442105e-02 8.759849e-03 0
-4.947368e-02 8.197301e-03 0
-4.452632e-02 7.578172e-03 0
-3.957895e-02 6.906087e-03 0
-3.463158e-02 6.185191e-03 0
-2.968421e-02 5.420149e-03 0
-2.473684e-02 4.616128e-03 0
-1.978947e-02 3.778758e-03 0
-1.484211e-02 2.914083e-03 0
-9.894737e-03 2.028505e-03 0
-4.947368e-03 1.128712e-03 0
0.000000e+00 2.216141e-04 0
0.000000e+00 1.313781e-01 1
1.315789e-03 1.265555e-01 1
2.631579e-03 1.202221e-01 1
3.947368e-03 1.112790e-01 1
5.263158e-03 9.698492e-02 1
6.578947e-03 6.762688e-02 1
7.894737e-03 1.924394e-02 1
9.210526e-03 1.442426e-02 1
1.052632e-02 1.430666e-02 1
1.184211e-02 1.430413e-02 1
1.315789e-02 1.430408e-02 1
1.447368e-02 1.430408e-02 1
1.578947e-02 1.430408e-02 1
1.710526e-02 1.430408e-02 1
1.842105e-02 1.430408e-02 1
1.973684e-02 1.430408e-02 1
2.105263e-02 1.430408e-02 1
2.236842e-02 1.430408e-02 1
2.368421e-02 1.430408e-02 1
2.500000e-02 1.430408e-02 1
